36018 64650 98902 19529
251569 308256 240323 225683
17936 16035 14913 14728
839878 944004 981579 1212486
352457 427929 460043 577120
1503557 1546244 1738848 1951997
31566 157960 33874 45367
2151296 2434896 2236761 2277626
381304 447904 516484 496897
548790 438402 535288 508467
293097 335869 350379 421040
0 333369 1259151 1513914
602345 714411 679793 652700
356759 336899 407738 473117
58674 176709 163923 448990
254970 313702 281698 336479
393219 454653 427072 449490
1894744 2458930 2101294 2259016
63533 77493 70137 74839
319144 350217 355930 401401
1324291 1413490 1396385 1580081
218045 250623 256235 267456
80626 85088 77991 83546
239155 314709 264280 288888
1728790 1924874 1860107 2087860
164881 172829 183029 201451
152753 151146 193195 231278
515557 570694 592567 693635
656439 683258 738027 713187
137512 328266 319814 369005
728806 784584 760873 864699
248561 255731 232576 276451
325179 319264 345646 381524
113430 133952 112494 132661
915751 1095052 968429 1167021
281871 330088 396866 370544
831687 1230961 868634 1024650
997788 1116723 1045076 1084513
0 0 319348 408893
1016376 1131657 1093580 576720
0 76203 786941 902950
296276 370249 354865 409291
8726841 9706114 9995795 12071773
231170 267671 274189 297523
889323 808200 940037 835174
1006251 1058754 1159431 1294123
234651 247695 245303 260881
121733 147615 119837 145727
7347967 7756424 8144913 9181587
1296345 1439979 1411601 1578306
433243 579403 434991 492407
291381 314039 288813 330430
522843 625153 572369 641546
547539 639708 605856 673374
147604 236690 162286 191955
311261 358101 320617 356524
181842 279928 207009 252761
664726 875855 710108 806563
954185 1096548 1007838 1114629
229761 268503 233954 272197
604255 631146 672516 775915
460003 520142 520715 646504
170394 199262 200417 200971
11093487 14593128 12109564 13646410
500275 600189 538420 622657
391503 466775 96556 4916
1469490 2066271 1708073 1997304
777622 1269452 1135002 1245443
1308519 1342354 1345339 1663782
332168 333486 364133 435717
366498 369114 400861 457442
745108 715451 835298 1035163
338285 592614 382936 418097
687066 810972 765746 887578
374644 424163 407999 487927
489722 526296 543383 667309
282704 277537 330821 343151
289412 315028 326233 358243
201517 462415 248030 333290
109156 136275 120986 141007
762683 878471 835495 977940
354252 454850 392333 408741
561138 607996 622503 702451
1663665 1668804 1882285 1999184
1021571 1092262 994413 1183723
3343000 4864453 3651347 3837726
895573 1107752 915704 1027908
946284 999796 1146947 1372689
1477542 1695349 1709183 1968204
1152123 1075366 1275699 1143276
1298203 1417710 1145575 1121833
418410 415356 443643 497355
161423 283202 291116 182540
191901 298686 211634 212034
109131 108226 145615 162481
87758 81777 98179 105214
1693622 1303082 2023834 1860532
5129596 6935165 5790400 5577852
9224770 14087020 9429973 8821746
460350 857981 490863 326442
5630916 8902084 5496549 4478906
6772746 9749818 7633111 7304227
9267386 11781714 9656481 9064075
4065279 6246513 4541424 3572254
1673386 2728023 1802785 1439138
0 0 0 338938
0 0 0 131977
0 0 0 156420
0 0 0 227652
0 0 0 197168
0 0 0 286336
0 0 0 194991
0 0 0 169174
2856758 2175192 2611937 2628278
0 0 0 146196
0 0 0 124586
0 0 0 113200
655106 1371657 858706 759484
636934 939255 637890 617164
0 0 0 230994
0 0 0 1001984
0 0 0 173323
474824 602514 580751 551796
2321900 2807010 2280608 2307962
308662 390870 313269 312351
495519 607717 502545 465148
636380 505174 669110 599590
2630897 2995415 2411564 2214279
896861 899904 982460 939963
391209 343022 349066 405934
553625 398948 426344 480458
130033 140353 122528 157218
0 0 0 1980
121297 124777 125572 128886
284247 314471 271971 275618
1191259 1307106 1158523 1119080
596108 699536 587092 533483
825406 1423171 987078 988152
3262696 4006708 3326085 2472245
642953 417633 779811 557231
113616 155326 69002 58281
371996 969870 214830 183029
1258129 2177837 1271443 1688475
1529764 1719133 1476837 1471051
652520 713314 631152 607227
718903 805458 699871 669620
23276824 26597580 22582727 21527093
3002301 3104774 2788907 2753388
197134 214659 192102 192104
206693 252725 198711 194056
810773 1109190 866595 816352
9419530 10266489 8881773 8581500
1414260 1564991 1464339 1470717
285589 356904 277829 246943
1083856 1347169 1238597 1232761
722435 904702 706691 667607
16233839 20509994 18882597 18053680
561397 495740 736342 639965
378094 395130 526403 504364
0 0 0 24669
12427478 14470552 13718880 11873080
1973490 2236935 2537848 2562475
19342279 21902329 19867935 19029071
743738 712597 933122 982488
0 160230 729195 684098
10803495 12514424 10787169 9859228
670505 825971 625753 609276
1154472 1266553 1110775 1155248
333808 390383 335441 334722
742529 931228 676621 692693
2037228 2143033 1938339 1892794
1018684 1213327 1024671 1051156
536950 654826 519375 502841
1302394 1601668 1279947 1236435
1339751 1613819 1312106 1309545
698900 889225 716895 666381
1183123 1552757 1241661 1420503
0 0 0 0
0 0 95 670686
1233547 1486520 1312696 1192496
0 0 0 80284
446480 496232 403100 387817
710287 780211 717528 732578
827498 966905 785808 721417
0 709029 558670 547824
0 0 4360267 4453833
802764 918399 776189 733353
339163 425615 356487 336682
3111838 4197786 3416277 3342771
3241978 4101338 2998906 2781276
16514302 19498496 15635662 14730554
3863688 4845569 3738818 3553054
2279273 2836014 2295094 2132070
18806102 25791805 20018636 16042297
3656372 4380506 3668728 3445763
157023667 204055125 151537167 151178042
1300460 1562646 1316552 1266167
1770698 2430527 1900039 1881006
3525588 4940490 3622467 3105700
7036975 8542035 6902050 6417339
2371819 3213847 2367549 2304352
1919393 2438445 1926808 1845623
4321622 5253339 4304539 3953055
7444385 9330636 6998845 6097279
4445729 5109252 4556102 4262322
1695668 2133188 1654082 1548395
7209427 9184792 7136450 6856516
51448790 66728235 53376370 49901000
4946719 6285945 4952609 4452078
6106739 7199297 6302072 5328845
1580266 1943863 1568130 1502784
3028527 3557504 2938721 2805240
9375464 11608310 8935078 8384059
3117081 4337114 3002700 2927982
3458468 4109859 3239099 3038675
17218794 23169890 17350877 15444744
1579372 2343430 1675309 1588121
10614425 13164093 10451476 10163985
4879432 6549477 5250004 4621413
24042139 30456101 23679848 21848519
1248616 1657653 1251898 1207885
7901365 9824376 7541760 6803807
0 0 0 0
0 35219157 27047085 26331270
2757949 3542879 2568045 2348983
3871874 4789407 3888099 3724760
2224092 2713343 2089147 1908719
48107474 61587947 48920105 41550105
7886705 9338512 7882388 7192968
776348 1050857 775847 719609
5076362 6565310 5089377 5150504
685100 797597 681273 651601
1082377 1355986 1047472 995811
710791 892192 698790 679869
5802012 7107887 6011949 6872185
1221335 1619290 1204914 1065102
725749 825825 702751 696129
3378555 3984077 3368700 3133075
978706 1264657 999887 919103
2795543 3701778 3037344 3169515
20727062 27002556 20755975 21268235
1619476 1946542 1595535 1602281
1049440 1285017 1042454 969360
1239859 1629722 1240116 1204776
1614925 1945457 1672667 1564297
4811036 5908521 4874716 4744335
3909593 5128561 3944764 3513797
1316871 1526669 1262170 1223755
638084 784979 643194 628289
780074 933755 779908 756916
638101 785770 670229 638933
1840132 2272808 1941406 1944867
2569007 3224597 2693105 2650514
2062578 2402051 2002046 1946902
5215531 6312840 5246669 4904682
1173350 1392292 1214187 1195120
1269621 1494085 1214947 1184721
979548 1153637 1029992 1004785
1330698 1511683 1232241 1152750
1281157 1612838 1342329 1292397
453024 539120 486193 446151
1615090 1746160 1448746 1498800
1502806 1846891 1474497 1507041
1548922 1792611 1534490 1557258
1387685 1645763 1373973 1401399
2285730 2725178 2350151 2231961
537112 664113 565430 550416
1863699 2316127 1879596 1767542
6898964 7721012 6709596 5943541
588587 643452 561068 568007
1201407 1437939 1232508 1114640
1299811 1529035 1242319 1182949
4225859 4964372 4011787 3643456
2805415 3093579 2805069 2631820
1075595 1293537 1117213 1011378
16512379 19719985 15351989 14342036
760714 921478 714775 711516
775755 875404 722721 729894
96236612 113453468 98373536 97679821
2523448 2827438 2305339 2183742
995586 1131298 995852 976029
973222 1103899 967528 887091
2404268 2670737 2210024 2022994
542748 672830 525616 520242
823003 967786 822612 763279
955736 1209286 926419 901549
1307270 1483550 1293688 1168731
754012 827460 345254 1238786
0 0 139964 921638
4244730 5134185 4639802 4324753
643210 804331 684279 692516
2189404 2573132 2131675 2070164
765486 876394 774491 767178
4979980 6146337 4806205 4913204
2079630 2501289 2031621 2073175
785504 902510 770817 753549
1215524 1428024 1171814 1196396
8179982 9360059 7705705 7061664
3680631 4561944 3496653 3341066
1075790 1243530 1046122 1012137
990038 1180220 935057 897647
1016136 1046369 977118 1056362
1219037 1439254 1200131 1224290
573357 685923 560420 538907
0 0 107331 716974
657058 755954 655236 627965
6474242 7683722 6203123 6133839
904628 1092995 897721 893193
1831433 2146799 1752563 1642349
4944351 5966746 4794057 4520099
1187514 1275421 1045702 974465
2998958 3560688 2980622 2990911
1962771 2277093 1865450 1730308
8523815 10964910 8554685 8194191
686289 890491 731690 656826
2645227 4767092 3356980 3075934
4314685 5218672 4370197 3969030
1401690 1761299 1384795 1278637
803754 967799 773956 701535
860059 1016851 851860 819193
948229 1138690 952840 847934
0 217079 916863 752628
14708470 18870434 13684543 13292073
2703450 3268810 2614072 2457871
2383354 3510464 2352318 2055705
2046513 2465730 1902910 1764728
4613314 5492390 4210607 4082104
9847644 12156326 10034696 8891770
1822939 2077823 1837357 1723553
817057 1069911 789773 756780
1665295 2135169 1589358 1517833
72172 453611 717300 652818
730971 845929 771771 757423
629724 817124 740422 873502
582450 996245 600497 561936
1314119 1679790 1310779 1506453
0 0 0 791320
2006143 2354814 2040225 2051926
26188720 39332511 28372685 22770442
1105113 1554525 1150783 963611
8837262 10717720 8964370 8265632
2187471 2665623 2065416 1923797
1174460 2135150 1073789 924290
1250605 1957593 1417080 1520618
18317614 21006087 18266271 16736787
2489664 3188151 2489186 2346737
0 0 0 13120
187996 153408 127976 120488
1503097 2443761 1589926 1257736
5072910 7411592 5311244 4462338
12482133 19076582 12886871 11662836
587698 1512279 917005 530826
4615096 5153119 4494151 4091141
1090547 1459002 1009981 840253
5608093 6933484 5513697 4956458
944081 1579562 835233 486061
16173773 19803326 15774682 14495735
6434168 9823098 6672558 5042030
375088 667161 551141 747705
4181090 5974729 4203123 3529334
2384704 3182290 2588207 2118092
364726900 687392800 380801800 284465900
18601367 28954679 21757954 17999616
36261182 44706841 32811568 25136523
617196 902505 601481 512443
92667 166293 121436 87209
5020756 5723145 3838893 3920019
1051878 1177699 1162514 1136618
7196729 8572174 6690130 6461546
165492562 180155551 139026486 120371675